= 111 1111111111

Um, 181149, 81119, mot 921 (911) 82116, 2191111121,
1111114111,11111,11111,11111119119111111111,
8811, 19, 16, 2111922, 89112, 23, 321196, ¹

969161112, 9112411931, 9218, 29, 98, 9211133, 9314,,6
36 11 32, 94122 11 96,.959251149, 9613, 92911 1132, 9811, 21121,

199918112819199,141133,192133.1136,163918,164128
113219516,9,22,32,9121124,19619,1611926,19212211911,
19811, 2, 21 1129, 16911 1192,

11111914, 31, 92, 141131, 112121, 113911131, 11414, 29(911),
39, 36, 911132, 11512, 9161126, 11215,Ι 12, 25, 96, 2, 121125,
111114, 11911111,

129135, 12113611, 122933, 123123,9321135, 124112, 91911
28,Ι 125935,12613211921122919,128131,922113312918,
919 (911)

139122, 99, 1311281136 13395, 13498, 13594, 5,181124,
136115, 21961112 138941132, 139929,

149119, 3111923, 14191111 151 142129, 951119 143115, 33
11939, 145916, 14611211939, 14219, 961119, 14812111936,
111111(11),)111111(11),

15914, 12,]4, 93,4, 36, 15112, 3,11,3511932,152939, 153116,
1541121192915511911936156119, 291138,1521211125, 158111,

’ Ι19,23 11926,

1691361193, 8, 19112416118 11923, 162114, 2432, 92, 4, ’
2(911) 1112, 16319, 23, 94, 51125, 164111, 15, 95, Τ1111., 16512,
12 11 19 166126- 28, 16216, 2511928168128 (911) 92411, 34,
1698122692311292122, 21, 39, 99, 12212, 919 1126, 12399 ,2811ὅῆ
124126, 929 1136, 125129, 32, 95, 8, 12612211, 919, 18, 29 (911),
24, 122114, 28, 94, 16 1139, 12812, 9291136, 12912, 12, 9151122,

189112 sq, 925, 181116, 21, 25, 18211, 15, 22, 924 sq, 183129,
Μ561116611111911ἰί1 nobis videntur emendanda 91111111·

199126 6113- ἔστιν, 2931311111-111196911, 294942 1161111 -11116

· 1129694211111611131111111111 1119111111- 261125111.1ἰδὲμὴ

1161111111- 29213311111]116. -26692111113111 putaverim ἐν·
6111, 19. 9 καὶ 11111 ἰδίως 1119 κ. μερικοῦ 1111111- 19. va. 1911111-
gendum 111116116(1’111.111111124124) 111 delendum 1161113-
19. 33 1111116111 legendum 1111 111111 1134 11 11911111124134 ··.·
298139 1111191111 videtu} 11611 (11 1111111111) μὴ ἐξ aarum --
299933 1111 τετράγωνον 111 addendum 111 11111 111111 intelligendum
111 τὸ 1116 τῆς πρώτης 19. 916 11216121111111111 est πρὸς τὴν 111·-
την.1111 1111111111 1111111111 111 19911111112691142. 8111111111-

mmma.ae..oeff-q.6,consequ1tur:c γΐ),1.-.νιῆῑῐ, 11111111 111
1119291111111111111111ς12. 1211111191 1.(192))ῐ·;’12.(121)1.-

219111 1113111111111111112-31911111 quod 9111111 ex Philo-
1111 dedit 11111111 111 1111111111 1111 111111111111,11 1111111199

 

